7001
7002
7003
7004
7005
7006
7007
7008
7009
7010
7011
7012
7013
7014
7015
7016
7017
7018
7019
7020
7021
7022
7023
7024
7025
7026
7027
7028
7029
7030
7031
7032
5001
5002
5003
5004
5005
5006
5007
5008
5009
5010
5011
5012
5013
5014
5015
5016
5017
5018
5019
5020
5021
5022
5023
5024
5025
5026
5027
5028
5029
5030
5031
5032
5033
5034
5035
5036
5037
5038
5039
5040
6001
6002
5041
5042
5043
5044
5045
6003
5046
6004
5047
5048
5049
6005
5050
6006
5051
5052
5053
5054
6007
6008
6009
6010
6011
6012
6013
5055
6014
5056
6015
6016
5057
5058
6017
6018
6019
5059
6020
6021
6022
5060
5061
5062
5063
5064
5065
5066
6023
6024
6025
7033
7034
7035
7036
7037
7038
7039
7040
7041
7042
7043
7044
7045
7046
7047
7048
7049
7050
7051
7052
6026
6027
6028
6029
7053
7054
7055
7056
7057
7058
7059
7060
7061
7062
7063
7064
7065
5067
5068
5069
7066
7067
7068
7069
7070
7071
7072
7073
7074
7075
7076
7077
7078
7079
7080
7081
7082
7083
7084
7085
7086
7087
7088
7089
7090
7091
7092
7093
7094
7095
7096
7097
7098
7099
7100
7101
7102
7103
7104
7105
5070
5071
5072
5073
5074
5075
5076
5077
5078
5079
5080
5081
5082
5083
5084
5085
5086
5087
5088
5089
5090
5091
5092
5093
5094
5095
5096
5097
5098
5099
5100
5101
5102
5103
5104
5105
5106
5107
5108
5109
5110
5111
5112
5113
5114
5115
5116
5117
5118
5119
5120
7106
7107
7108
7109
5121
5122
5123
5124
5125
5126
5127
5128
5129
5130
5131
5132
5133
5134
5135
7110
7111
5136
5137
5138
5139
6030
5140
5141
5142
5143
5144
5145
5146
5147
6031
6032
5148
6033
5149
6034
6035
7112
5150
5151
6036
5152
6037
7113
5153
5154
6038
7114
5155
5156
5157
5158
6039
7115
5159
5160
7116
7117
5161
5162
5163
5164
5165
5166
5167
5168
5169
5170
5171
5172
5173
5174
5175
5176
5177
5178
5179
5180
5181
5182
5183
5184
5185
7118
7119
7120
7121
7122
5186
5187
5188
5189
5190
6040
6041
7123
5191
5192
5193
5194
5195
5196
5197
6042
7124
7125
7126
5198
5199
7127
6043
7128
7129
7130
7131
5200
5201
5202
5203
5204
5205
5206
6044
7132
5207
7133
7134
7135
6045
5208
5209
6046
6047
6048
6049
7136
7137
7138
7139
5210
5211
5212
5213
5214
5215
5216
5217
6050
7140
6051
7141
7142
7143
7144
7145
5218
6052
7146
6053
6054
7147
6055
7148
6056
7149
6057
7150
5219
5220
5221
5222
6058
7151
7152
6059
6060
5223
5224
7153
7154
6061
7155
5225
5226
5227
7156
5228
5229
5230
6062
7157
6063
7158
6064
6065
7159
6066
6067
7160
6068
7161
6069
5231
5232
5233
7162
6070
7163
6071
6072
5234
6073
7164
7165
6074
6075
7166
6076
7167
7168
7169
6077
6078
6079
5235
5236
5237
5238
5239
5240
5241
5242
5243
5244
7170
6080
6081
6082
6083
7171
7172
7173
6084
6085
5245
6086
7174
7175
7176
5246
5247
5248
5249
5250
7177
7178
7179
6087
7180
5251
6088
6089
6090
6091
6092
5252
5253
5254
5255
5256
5257
5258
5259
6093
6094
7181
7182
7183
7184
7185
7186
7187
6095
6096
6097
6098
6099
7188
7189
6100
6101
6102
7190
7191
7192
6103
6104
6105
6106
6107
7193
7194
7195
7196
7197
7198
7199
6108
6109
6110
6111
6112
7200
7201
7202
7203
6113
6114
6115
6116
6117
6118
6119
6120
6121
6122
6123
6124
6125
7204
7205
7206
7207
7208
7209
7210
7211
7212
7213
6126
7214
7215
7216
7217
7218
7219
6127
6128
7220
7221
7222
7223
7224
7225
6129
5260
5261
5262
5263
5264
6130
6131
6132
6133
7226
6134
6135
7227
7228
6136
7229
7230
6137
6138
7231
6139
7232
6140
6141
7233
7234
7235
7236
7237
7238
7239
6142
6143
7240
6144
6145
7241
7242
6146
6147
6148
7243
7244
7245
7246
6149
6150
6151
6152
7247
7248
6153
6154
7249
7250
7251
6155
6156
6157
6158
7252
7253
7254
6159
6160
6161
6162
6163
6164
6165
6166
6167
7255
6168
7256
7257
6169
6170
7258
6171
7259
6172
7260
7261
7262
6173
7263
6174
7264
6175
6176
7265
7266
7267
6177
7268
7269
7270
6178
6179
7271
7272
7273
7274
7275
6180
7276
7277
7278
7279
7280
6181
6182
7281
7282
7283
7284
6183
6184
6185
7285
7286
7287
7288
7289
6186
6187
6188
6189
6190
7290
7291
7292
6191
6192
7293
6193
6194
6195
6196
6197
6198
6199
6200
6201
7294
7295
7296
7297
7298
7299
7300
7301
7302
7303
7304
7305
6202
6203
7306
6204
6205
6206
6207
7307
7308
6208
7309
6209
6210
7310
7311
7312
7313
7314
7315
6211
7316
7317
7318
7319
7320
6212
6213
6214
6215
7321
6216
7322
7323
6217
7324
7325
7326
7327
7328
7329
7330
7331
7332
6218
6219
6220
6221
6222
6223
6224
6225
6226
6227
7333
7334
7335
7336
6228
6229
6230
6231
6232
6233
6234
6235
6236
6237
6238
6239
6240
6241
6242
7337
7338
7339
7340
7341
7342
7343
6243
6244
6245
7344
7345
6246
7346
7347
6247
7348
6248
6249
7349
7350
7351
7352
7353
6250
6251
6252
6253
6254
6255
6256
6257
6258
6259
6260
6261
6262
6263
6264
6265
6266
6267
6268
6269
6270
6271
6272
6273
6274
6275
6276
6277
6278
6279
6280
6281
6282
6283
6284
6285
6286
6287
6288
6289
6290
6291
6292
6293
6294
6295
6296
6297
6298
6299
6300
6301
6302
6303
6304
6305
6306
6307
6308
6309
6310
6311
5265
5266
5267
5268
5269
7354
7355
7356
7357
7358
7359
7360
7361
7362
7363
7364
7365
7366
7367
7368
7369
7370
7371
6312
6313
6314
6315
6316
6317
6318
7372
7373
7374
7375
7376
7377
7378
7379
7380
6319
6320
6321
6322
6323
6324
6325
6326
6327
7381
7382
7383
7384
7385
7386
7387
7388
7389
6328
6329
7390
7391
7392
7393
7394
7395
7396
7397
7398
7399
7400
7401
7402
7403
6330
6331
6332
6333
6334
6335
6336
6337
6338
6339
6340
6341
7404
7405
7406
7407
7408
7409
7410
7411
7412
7413
7414
7415
7416
6342
6343
6344
6345
6346
6347
6348
7417
7418
7419
7420
7421
7422
7423
7424
7425
7426
7427
7428
7429
7430
7431
7432
5270
5271
5272
5273
5274
5275
6349
6350
6351
6352
6353
6354
6355
6356
6357
6358
6359
6360
6361
5276
5277
5278
5279
5280
5281
5282
7433
5283
5284
7434
5285
7435
7436
7437
7438
7439
7440
7441
7442
7443
7444
7445
7446
7447
7448
6362
6363
6364
6365
6366
6367
6368
6369
7449
7450
7451
7452
7453
7454
7455
7456
7457
7458
7459
7460
7461
7462
7463
7464
7465
7466
7467
7468
7469
7470
7471
7472
7473
7474
7475
7476
7477
7478
6370
6371
6372
6373
6374
6375
6376
7479
7480
5286
5287
5288
5289
5290
5291
5292
6377
6378
6379
6380
6381
6382
6383
5293
5294
5295
5296
5297
5298
5299
5300
6384
6385
6386
5301
5302
5303
5304
5305
5306
6387
6388
6389
6390
5307
5308
5309
6391
5310
5311
5312
6392
6393
6394
5313
5314
6395
5315
6396
6397
7481
7482
7483
7484
7485
7486
7487
7488
7489
6398
6399
6400
6401
6402
6403
7490
7491
7492
7493
7494
7495
7496
7497
5316
6404
6405
6406
5317
5318
5319
5320
7498
6407
7499
7500
7501
7502
5321
5322
7503
5323
5324
5325
5326
5327
5328
7504
7505
5329
7506
5330
5331
7507
7508
7509
7510
6408
6409
6410
6411
6412
6413
6414
6415
6416
6417
6418
6419
6420
6421
6422
6423
6424
6425
6426
6427
6428
6429
6430
6431
6432
6433
6434
6435
6436
6437
6438
6439
6440
6441
6442
6443
6444
6445
6446
6447
6448
6449
6450
7511
5332
5333
5334
7512
7513
7514
5335
7515
7516
7517
5336
7518
7519
5337
5338
7520
5339
7521
7522
5340
5341
5342
5343
7523
5344
5345
5346
5347
7524
7525
7526
6451
6452
6453
6454
6455
6456
5348
7527
7528
7529
5349
7530
5350
5351
5352
6457
6458
6459
6460
5353
7531
7532
7533
5354
6461
8001
8002
8003
6462
6463
6464
6465
6466
6467
6468
6469
6470
6471
5355
7534
7535
5356
7536
7537
7538
7539
7540
7541
7542
7543
5357
6472
6473
6474
6475
6476
6477
6478
6479
6480
7544
7545
7546
5358
7547
5359
5360
7548
5361
6481
6482
6483
6484
6485
6486
8004
8005
8006
8007
8008
8009
8010
8011
8012
8013
8014
8015
8016
8017
8018
8019
8020
8021
8022
8023
6487
8024
6488
6489
6490
8025
6491
8026
8027
7549
5362
5363
5364
5365
5366
5367
5368
5369
5370
5371
7550
7551
7552
7553
7554
7555
5372
5373
7556
6492
8028
6493
6494
6495
6496
6497
6498
8029
8030
6499
8031
8032
6500
8033
8034
6501
8035
8036
6502
8037
8038
6503
8039
8040
6504
8041
6505
6506
6507
6508
6509
6510
6511
6512
6513
6514
6515
6516
6517
8042
6518
7557
7558
5374
5375
7559
7560
7561
5376
7562
6519
6520
8043
7563
7564
5377
5378
5379
8044
6521
8045
6522
6523
6524
6525
6526
5380
5381
5382
5383
6527
6528
6529
6530
6531
5384
5385
5386
5387
5388
6532
6533
6534
5389
5390
7565
7566
7567
7568
7569
5391
5392
5393
5394
5395
5396
5397
6535
6536
6537
6538
6539
5398
7570
7571
7572
6540
8046
8047
8048
8049
8050
8051
8052
8053
8054
8055
7573
7574
7575
7576
7577
7578
7579
7580
7581
8056
8057
8058
8059
8060
8061
8062
8063
7582
5399
5400
5401
5402
8064
5403
5404
7583
7584
7585
5405
5406
5407
5408
8065
8066
8067
8068
8069
8070
8071
8072
8073
5409
5410
7586
7587
5411
5412
5413
5414
5415
8074
8075
5416
5417
5418
5419
5420
7588
8076
8077
8078
8079
7589
7590
7591
8080
8081
7592
7593
7594
7595
7596
8082
8083
7597
7598
7599
7600
7601
8084
8085
8086
8087
8088
8089
8090
7602
7603
7604
7605
7606
7607
7608
7609
7610
8091
8092
8093
7611
7612
7613
7614
7615
7616
7617
7618
7619
7620
7621
7622
7623
8094
8095
8096
8097
7624
7625
7626
7627
7628
7629
7630
7631
7632
7633
8098
8099
8100
8101
8102
8103
7634
7635
7636
8104
8105
8106
8107
8108
5421
5422
5423
5424
5425
5426
6541
5427
5428
5429
5430
6542
8109
5431
5432
5433
5434
5435
5436
5437
5438
5439
5440
5441
5442
5443
5444
5445
5446
5447
5448
5449
5450
5451
5452
5453
5454
5455
5456
5457
5458
5459
5460
5461
5462
5463
5464
5465
7637
7638
7639
7640
7641
7642
7643
7644
7645
7646
7647
7648
7649
7650
7651
7652
7653
7654
7655
7656
8110
8111
8112
8113
6543
6544
6545
6546
6547
8114
8115
6548
6549
8116
8117
8118
8119
8120
6550
6551
6552
8121
8122
8123
8124
8125
6553
8126
6554
6555
8127
6556
6557
8128
8129
8130
8131
8132
8133
8134
8135
8136
8137
8138
6558
6559
6560
6561
6562
6563
6564
6565
6566
6567
6568
6569
6570
6571
6572
6573
6574
6575
6576
6577
6578
6579
6580
6581
6582
6583
6584
6585
6586
6587
6588
6589
6590
6591
6592
8139
8140
8141
5466
5467
5468
5469
5470
5471
5472
5473
8142
8143
8144
8145
8146
8147
8148
8149
8150
8151
8152
8153
8154
8155
8156
8157
8158
8159
8160
8161
8162
8163
8164
8165
8166
8167
5474
5475
5476
5477
5478
5479
5480
5481
5482
5483
5484
5485
5486
5487
5488
8168
8169
8170
8171
8172
8173
5489
5490
5491
5492
5493
5494
5495
5496
5497
5498
5499
5500
5501
5502
5503
5504
5505
5506
5507
5508
5509
5510
5511
5512
5513
5514
5515
5516
5517
5518
5519
5520
5521
5522
5523
5524
5525
5526
5527
5528
5529
5530
5531
5532
5533
5534
5535
5536
5537
5538
5539
5540
5541
5542
5543
5544
5545
8174
8175
8176
8177
8178
8179
8180
8181
8182
8183
8184
8185
8186
8187
8188
8189
8190
7657
8191
7658
7659
7660
7661
7662
7663
7664
7665
7666
7667
7668
7669
7670
6593
6594
7671
6595
7672
7673
7674
7675
6596
6597
6598
6599
6600
6601
6602
6603
6604
6605
6606
7676
7677
6607
6608
6609
7678
7679
7680
7681
8192
8193
8194
8195
8196
8197
8198
7682
7683
7684
8199
8200
8201
8202
7685
7686
7687
7688
7689
7690
7691
7692
7693
7694
7695
7696
7697
7698
7699
7700
7701
7702
7703
7704
7705
7706
7707
7708
7709
7710
7711
7712
7713
7714
7715
5546
5547
5548
5549
5550
5551
5552
5553
5554
5555
5556
5557
5558
5559
5560
5561
5562
5563
5564
5565
5566
5567
7716
7717
7718
5568
5569
5570
5571
5572
5573
5574
5575
5576
5577
5578
5579
5580
5581
5582
5583
5584
5585
5586
5587
7719
7720
7721
7722
7723
7724
7725
7726
7727
7728
7729
7730
7731
7732
7733
7734
7735
7736
7737
7738
7739
7740
7741
7742
7743
7744
7745
7746
7747
7748
7749
7750
7751
7752
7753
7754
7755
7756
7757
7758
7759
7760
5588
5589
5590
5591
7761
7762
7763
7764
5592
5593
7765
7766
5594
5595
5596
5597
5598
5599
5600
5601
5602
5603
7767
7768
7769
7770
7771
7772
5604
5605
5606
7773
5607
7774
5608
5609
5610
5611
5612
5613
5614
5615
7775
7776
7777
7778
7779
7780
7781
5616
5617
7782
5618
7783
7784
7785
5619
7786
5620
7787
7788
7789
7790
7791
7792
7793
6610
7794
7795
6611
6612
6613
6614
6615
6616
6617
6618
6619
7796
7797
7798
7799
7800
7801
7802
7803
6620
6621
7804
6622
6623
6624
6625
6626
6627
6628
6629
6630
6631
6632
6633
6634
6635
6636
6637
6638
6639
7805
6640
6641
7806
6642
6643
6644
8203
8204
8205
8206
8207
8208
8209
7807
6645
6646
6647
7808
7809
7810
7811
7812
8210
6648
6649
6650
6651
6652
6653
6654
6655
8211
8212
8213
6656
6657
8214
6658
6659
6660
6661
8215
6662
6663
8216
6664
6665
8217
8218
6666
5621
7813
7814
5622
6667
7815
5623
7816
7817
6668
6669
6670
5624
6671
6672
8219
6673
6674
8220
7818
6675
8221
8222
6676
5625
6677
5626
6678
6679
7819
6680
6681
6682
5627
6683
5628
7820
6684
6685
5629
6686
5630
6687
7821
7822
7823
7824
6688
6689
6690
6691
7825
6692
6693
7826
7827
6694
7828
7829
7830
7831
7832
6695
6696
6697
6698
7833
7834
5631
6699
6700
5632
6701
6702
5633
6703
6704
5634
6705
5635
6706
6707
5636
5637
5638
6708
5639
6709
6710
5640
7835
7836
8223
7837
7838
8224
7839
8225
6711
6712
5641
7840
7841
6713
6714
5642
6715
6716
6717
8226
7842
8227
7843
7844
8228
7845
8229
7846
7847
8230
7848
8231
7849
8232
8233
7850
8234
7851
8235
8236
7852
8237
7853
8238
7854
6718
8239
8240
8241
5643
7855
5644
5645
5646
5647
5648
5649
7856
5650
5651
7857
5652
7858
7859
5653
5654
5655
7860
5656
6719
5657
6720
5658
6721
5659
6722
5660
5661
5662
5663
5664
8242
8243
8244
7861
7862
7863
6723
7864
6724
6725
5665
5666
5667
5668
6726
6727
6728
6729
6730
6731
6732
6733
6734
6735
6736
6737
6738
6739
6740
6741
6742
6743
6744
6745
7865
7866
7867
7868
7869
7870
7871
7872
7873
7874
7875
5669
5670
5671
5672
5673
5674
7876
7877
8245
6746
8246
6747
6748
8247
6749
8248
8249
8250
8251
8252
5675
5676
8253
8254
8255
8256
8257
8258
8259
5677
5678
5679
6750
5680
6751
6752
5681
8260
8261
5682
5683
8262
5684
5685
5686
5687
5688
5689
5690
5691
8263
5692
5693
5694
8264
5695
5696
8265
5697
6753
6754
6755
5698
8266
8267
8268
8269
8270
5699
8271
8272
8273
8274
8275
8276
8277
6756
8278
6757
5700
5701
8279
7878
7879
8280
8281
5702
8282
7880
7881
8283
7882
8284
7883
7884
8285
7885
5703
7886
7887
8286
8287
7888
7889
7890
8288
7891
7892
7893
6758
6759
6760
6761
6762
6763
6764
6765
6766
6767
5704
6768
6769
6770
5705
5706
5707
5708
5709
6771
6772
5710
5711
5712
5713
6773
6774
6775
6776
8289
8290
8291
8292
8293
6777
6778
6779
6780
8294
8295
8296
8297
6781
6782
6783
8298
8299
8300
8301
8302
6784
6785
8303
6786
6787
6788
8304
8305
8306
8307
8308
8309
8310
8311
5714
8312
8313
5715
5716
5717
5718
5719
5720
8314
7894
8315
8316
8317
8318
8319
6789
8320
6790
5721
6791
5722
8321
6792
8322
8323
6793
8324
8325
8326
7895
5723
5724
7896
6794
5725
5726
5727
5728
6795
5729
5730
5731
7897
8327
7898
8328
5732
7899
7900
7901
6796
5733
5734
6797
8329
8330
8331
8332
7902
8333
8334
8335
8336
8337
8338
8339
8340
8341
7903
7904
7905
8342
7906
8343
6798
8344
6799
5735
5736
6800
6801
5737
8345
6802
8346
6803
8347
8348
8349
6804
6805
6806
8350
8351
8352
6807
8353
8354
8355
8356
8357
8358
8359
6808
6809
5738
6810
6811
6812
6813
6814
7907
7908
7909
7910
7911
7912
7913
7914
7915
7916
8360
7917
8361
7918
7919
8362
8363
7920
8364
8365
8366
8367
8368
8369
8370
5739
5740
5741
5742
5743
5744
5745
5746
5747
5748
5749
5750
5751
5752
7921
5753
7922
5754
5755
5756
7923
7924
5757
5758
7925
5759
8371
7926
7927
7928
7929
7930
7931
7932
7933
7934
8372
8373
8374
8375
8376
8377
8378
8379
5760
8380
5761
6815
5762
6816
8381
5763
5764
5765
5766
5767
5768
5769
5770
5771
5772
5773
5774
5775
5776
5777
5778
8382
8383
8384
8385
8386
7935
5779
5780
5781
5782
5783
5784
7936
7937
5785
5786
5787
5788
5789
5790
5791
5792
5793
5794
5795
5796
7938
7939
5797
5798
5799
5800
7940
7941
7942
7943
7944
7945
5801
5802
5803
5804
5805
6817
6818
7946
6819
5806
5807
5808
5809
5810
5811
5812
5813
5814
5815
5816
5817
5818
5819
5820
5821
5822
5823
5824
5825
5826
5827
5828
5829
5830
5831
5832
5833
5834
5835
5836
5837
5838
8387
8388
8389
8390
8391
8392
8393
8394
8395
8396
8397
8398
8399
8400
5839
7947
7948
8401
8402
5840
8403
7949
7950
7951
7952
7953
7954
5841
5842
5843
5844
5845
5846
5847
5848
5849
5850
5851
6820
6821
5852
5853
6822
6823
5854
5855
5856
7955
5857
5858
5859
6824
5860
5861
7956
7957
7958
5862
5863
5864
6825
6826
6827
6828
6829
6830
7959
7960
7961
7962
7963
7964
5865
5866
7965
8404
7966
7967
5867
7968
7969
7970
5868
5869
5870
5871
5872
6831
5873
5874
5875
5876
7971
7972
7973
6832
7974
7975
5877
5878
8405
7976
7977
6833
7978
7979
8406
8407
8408
7980
7981
7982
6834
7983
7984
7985
7986
7987
7988
7989
7990
7991
8409
6835
6836
6837
5879
5880
5881
5882
8410
8411
8412
8413
8414
8415
8416
5883
5884
8417
5885
5886
6838
6839
5887
5888
5889
5890
6840
6841
6842
6843
5891
5892
5893
6844
5894
8418
8419
5895
5896
7992
7993
7994
5897
8420
8421
8422
8423
8424
6845
6846
6847
6848
5898
7995
5899
7996
7997
5900
5901
5902
5903
5904
5905
5906
6849
6850
6851
8425
8426
8427
6852
8428
8429
8430
8431
8432
6853
8433
8434
6854
8435
8436
8437
6855
8438
8439
5907
6856
8440
8441
5908
8442
6857
8443
8444
8445
6858
8446
8447
6859
6860
6861
6862
6863
5909
6864
5910
7998
5911
5912
6865
5913
6866
6867
6868
7999
5914
8000
5915
5916
5917
5918
5919
5920
5921
5922
5923
8448
8449
8450
8451
8452
8453
8454
8455
8456
8457
8458
8459
8460
8461
8462
8463
8464
8465
5924
5925
5926
6869
6870
6871
6872
6873
6874
6875
6876
6877
5927
6878
6879
5928
6880
6881
6882
6883
6884
6885
6886
6887
6888
6889
6890
6891
5929
5930
8466
5931
5932
5933
8467
8468
5934
5935
5936
5937
5938
5939
5940
8469
5941
5942
8470
8471
8472
6892
5943
5944
6893
5945
5946
5947
5948
5949
5950
5951
6894
6895
6896
6897
5952
5953
5954
8473
8474
8475
6898
6899
8476
8477
8478
8479
8480
8481
8482
8483
8484
8485
8486
8487
8488
8489
8490
8491
8492
8493
8494
8495
8496
8497
8498
8499
8500
8501
8502
8503
8504
8505
8506
8507
8508
8509
8510
8511
8512
8513
8514
8515
8516
8517
8518
8519
6900
6901
6902
6903
6904
6905
6906
6907
6908
6909
6910
5955
6911
6912
6913
6914
6915
6916
8520
5956
8521
5957
8522
5958
5959
8523
8524
8525
8526
5960
5961
5962
5963
5964
8527
8528
5965
5966
5967
8529
5968
8530
8531
8532
5969
8533
8534
5970
5971
8535
8536
8537
5972
5973
5974
8538
5975
8539
8540
8541
5976
8542
5977
8543
5978
8544
8545
8546
8547
8548
8549
8550
8551
8552
8553
8554
8555
8556
8557
8558
5979
8559
8560
5980
5981
5982
5983
5984
8561
8562
5985
5986
5987
8563
8564
8565
8566
8567
5988
5989
5990
5991
5992
5993
5994
8568
5995
5996
5997
5998
5999
6000
8569
8570
8571
8572
8573
8574
8575
8576
6917
6918
6919
6920
6921
6922
6923
6924
6925
6926
6927
6928
6929
6930
6931
6932
6933
6934
6935
6936
6937
6938
6939
6940
6941
6942
6943
6944
6945
6946
6947
6948
6949
6950
6951
6952
6953
6954
6955
6956
6957
6958
6959
6960
6961
6962
6963
6964
6965
6966
6967
6968
6969
6970
6971
6972
8577
8578
8579
6973
6974
6975
6976
8580
8581
8582
8583
8584
6977
6978
6979
8585
6980
6981
6982
6983
6984
6985
6986
6987
6988
6989
6990
6991
6992
6993
6994
6995
6996
6997
6998
6999
7000
8586
8587
8588
8589
8590
8591
8592
8593
8594
8595
8596
8597
8598
8599
8600
8601
8602
8603
8604
8605
8606
8607
8608
8609
8610
8611
8612
8613
8614
8615
8616
8617
8618
8619
8620
8621
8622
8623
8624
8625
8626
8627
8628
8629
8630
8631
8632
8633
8634
8635
8636
8637
8638
8639
8640
8641
8642
8643
8644
8645
8646
8647
8648
8649
8650
8651
8652
8653
8654
8655
8656
8657
8658
8659
8660
8661
8662
8663
8664
8665
8666
8667
8668
8669
8670
8671
8672
8673
8674
8675
8676
8677
8678
8679
8680
8681
8682
8683
8684
8685
8686
8687
8688
8689
8690
8691
8692
8693
8694
8695
8696
8697
8698
8699
8700
8701
8702
8703
8704
8705
8706
8707
8708
8709
8710
8711
8712
8713
8714
8715
8716
8717
8718
8719
8720
8721
8722
8723
8724
8725
8726
8727
8728
8729
8730
8731
8732
8733
8734
8735
8736
8737
8738
8739
8740
8741
8742
8743
8744
8745
8746
8747
8748
8749
8750
8751
8752
8753
8754
8755
8756
8757
8758
8759
8760
8761
8762
8763
8764
8765
8766
8767
8768
8769
8770
8771
8772
8773
8774
8775
8776
8777
8778
8779
8780
8781
8782
8783
8784
8785
8786
8787
8788
8789
8790
8791
8792
8793
8794
8795
8796
8797
8798
8799
8800
8801
8802
8803
8804
8805
8806
8807
8808
8809
8810
8811
8812
8813
8814
8815
8816
8817
8818
8819
8820
8821
8822
8823
8824
8825
8826
8827
8828
8829
8830
8831
8832
8833
8834
8835
8836
8837
8838
8839
8840
8841
8842
8843
8844
8845
8846
8847
8848
8849
8850
8851
8852
8853
8854
8855
8856
8857
8858
8859
8860
8861
8862
8863
8864
8865
8866
8867
8868
8869
8870
8871
8872
8873
8874
8875
8876
8877
8878
8879
8880
8881
8882
8883
8884
8885
8886
8887
8888
8889
8890
8891
8892
8893
8894
8895
8896
8897
8898
8899
8900
8901
8902
8903
8904
8905
8906
8907
8908
8909
8910
8911
8912
8913
8914
8915
8916
8917
8918
8919
8920
8921
8922
8923
8924
8925
8926
8927
8928
8929
8930
8931
8932
8933
8934
8935
8936
8937
8938
8939
8940
8941
8942
8943
8944
8945
8946
8947
8948
8949
8950
8951
8952
8953
8954
8955
8956
8957
8958
8959
8960
8961
8962
8963
8964
8965
8966
8967
8968
8969
8970
8971
8972
8973
8974
8975
8976
8977
8978
8979
8980
8981
8982
8983
8984
8985
8986
8987
8988
8989
8990
8991
8992
8993
8994
8995
8996
8997
8998
8999
9000
